50.760
60.100
70.180
74.200
76.100
75.130
76.910
77.930
78.820
77.090
80.770
80.730
79.800
81.350
80.240
82.390
81.250
81.830
81.220
81.560
81.250
80.520
82.460
83.290
80.330
82.120
82.990
82.380
82.890
82.490
83.360
83.710
84.740
84.510
82.990
82.890
84.390
82.730
83.470
84.210
83.760
83.330
83.740
83.980
82.890
83.450
84.370
84.280
85.030
84.140
84.980
84.330
84.120
85.310
84.700
85.210
84.630
85.240
85.210
85.170
85.380
85.470
86.100
85.180
85.930
86.290
85.720
85.760
86.380
86.460
85.840
86.820
86.440
86.150
86.320
86.000
87.060
86.700
87.310
86.960
87.080
87.260
87.400
87.110
87.320
87.220
87.500
87.540
87.760
87.900
87.610
87.750
87.830
87.810
87.740
87.800
87.850
87.760
87.720
87.860
