51.700
61.720
68.550
72.100
71.120
74.430
76.370
77.390
78.660
77.930
79.120
80.180
79.660
80.710
79.840
79.580
80.980
80.660
81.420
80.310
80.290
81.220
81.370
82.010
80.350
81.910
81.590
82.060
80.680
81.880
81.550
81.960
83.270
82.790
82.620
80.960
83.450
82.490
81.090
82.820
86.210
86.910
86.430
86.730
86.690
86.810
86.760
86.350
86.980
87.010
86.720
86.740
86.300
86.440
86.610
86.280
86.510
86.570
86.740
86.630
87.310
87.380
87.180
86.920
87.110
86.970
87.070
87.040
87.200
87.210
86.990
87.080
87.120
87.230
87.250
87.070
87.230
87.130
87.080
87.180
