51.430
59.550
65.570
67.390
71.990
71.870
72.950
74.220
75.760
77.770
76.690
77.730
76.760
78.480
78.300
80.040
77.520
78.460
79.330
80.490
79.600
80.120
81.400
79.790
82.000
79.370
82.070
81.040
81.870
80.770
81.960
82.520
81.230
82.770
80.690
80.800
83.990
82.510
81.650
82.260
81.960
83.140
83.290
83.060
84.070
83.090
82.880
83.420
82.950
83.350
83.940
84.770
83.970
84.110
83.860
84.670
84.010
85.100
84.930
84.990
84.690
85.450
85.100
85.480
85.680
86.140
86.400
85.630
85.490
86.740
86.580
85.730
86.770
86.860
86.630
86.270
87.060
86.370
86.490
86.830
87.440
87.460
87.030
87.050
87.450
87.940
87.910
88.140
87.730
87.680
88.190
87.830
87.830
88.130
87.770
88.070
88.080
88.050
88.030
88.130
