54.550
60.210
68.030
70.800
73.440
73.630
75.660
76.140
76.690
76.820
78.330
79.950
78.570
80.140
78.700
80.380
80.330
80.550
80.800
79.620
81.400
80.850
82.140
80.930
81.590
82.110
82.180
83.050
82.670
82.830
82.490
83.240
84.020
83.910
83.080
83.270
83.060
84.020
83.910
83.510
83.870
83.940
83.940
85.020
84.910
84.640
83.850
84.710
85.300
84.900
85.240
85.160
85.630
84.760
85.440
85.910
85.460
86.270
85.740
86.340
86.540
86.540
86.690
86.570
86.620
87.130
87.210
87.100
87.090
87.210
87.260
87.250
87.280
87.390
87.410
87.420
87.520
87.440
87.610
87.440
