77.270
80.290
82.240
83.710
83.890
84.190
84.330
84.370
85.000
84.520
85.130
84.700
85.320
85.110
84.760
85.720
85.440
85.680
84.960
84.310
85.680
85.920
85.620
85.060
85.220
85.360
84.930
85.770
85.390
85.290
85.640
85.790
85.900
85.610
85.440
85.970
85.360
85.250
85.260
85.690
85.690
86.130
85.370
85.620
86.010
86.260
86.460
86.100
85.760
85.330
87.520
87.690
87.960
87.820
88.020
87.810
87.750
87.800
87.970
88.060
87.880
87.950
87.980
88.050
88.050
88.050
87.830
88.090
87.870
87.860
88.000
87.770
87.870
88.050
87.880
87.870
87.860
87.820
88.120
87.990
87.900
88.120
88.060
87.900
87.920
88.010
88.090
88.010
88.080
87.990
88.070
88.220
87.980
88.170
88.200
88.230
88.010
88.210
88.250
88.030
