51.700
61.720
68.550
72.100
71.120
74.430
76.370
77.390
78.660
77.930
79.120
80.180
79.660
80.710
79.840
79.580
80.980
80.660
81.420
80.310
80.290
81.220
81.370
82.010
80.350
81.910
81.590
82.060
80.680
81.880
81.550
81.960
83.270
82.790
82.620
80.960
83.450
82.490
81.090
82.820
82.850
82.680
82.920
82.970
83.180
80.560
82.900
82.690
83.420
83.250
86.930
86.830
87.020
87.040
87.090
87.310
87.090
86.930
87.220
87.490
87.260
87.260
87.200
86.930
87.170
87.000
87.260
87.190
87.210
86.900
86.830
87.040
86.820
87.060
86.940
87.240
87.380
87.490
87.290
87.460
87.430
87.520
87.470
87.420
87.490
87.410
87.420
87.520
87.470
87.390
87.450
87.550
87.500
87.490
87.690
87.600
87.620
87.540
87.520
87.690
