77.840
81.640
81.950
82.120
83.080
83.910
84.710
84.130
84.200
84.550
85.340
84.690
85.040
84.770
85.140
85.170
85.270
84.630
85.040
85.420
85.930
85.850
85.360
85.540
85.500
85.150
85.640
85.910
85.730
86.190
86.000
85.610
85.890
85.540
85.880
85.690
86.100
85.390
85.750
85.990
85.970
85.970
85.860
85.870
86.060
85.450
85.970
85.830
85.940
85.820
87.130
87.230
87.360
87.500
87.510
87.450
87.660
87.670
87.760
87.690
87.790
87.680
87.740
87.840
87.850
87.800
87.480
87.720
87.540
87.620
87.910
87.750
87.790
87.950
87.970
87.960
87.830
87.980
87.960
88.030
88.010
88.000
87.940
87.970
87.980
87.930
88.050
88.160
88.020
87.890
88.070
88.140
88.030
88.070
88.030
88.050
88.150
88.160
88.100
88.080
88.060
87.960
88.050
88.140
88.060
88.060
88.170
88.090
88.000
88.040
88.040
88.140
88.140
88.040
88.080
88.030
88.110
87.980
88.150
88.080
87.960
88.090
88.030
88.090
88.050
