76.710
80.890
82.220
82.490
83.970
84.030
83.790
84.400
84.640
84.630
84.730
84.440
84.480
84.920
84.730
85.320
84.510
84.620
85.460
85.400
85.160
85.000
85.240
84.710
84.180
84.740
84.810
85.160
85.170
85.050
85.140
85.200
85.430
85.590
85.060
85.190
84.850
85.120
85.090
85.310
85.440
85.430
85.370
85.340
85.590
84.980
85.410
85.710
85.610
85.720
86.710
86.890
86.770
86.850
86.910
87.020
87.080
86.920
87.010
86.780
86.810
86.770
86.790
86.770
86.840
86.860
86.960
86.980
87.030
86.880
87.120
87.040
86.990
87.200
87.130
87.150
87.070
87.060
87.200
87.130
87.130
87.240
87.190
87.090
87.170
87.080
87.070
87.070
87.190
87.140
87.080
86.880
87.190
87.110
87.080
87.100
87.050
86.880
87.010
86.980
