76.420
80.680
83.180
83.570
82.780
84.750
84.600
85.070
84.750
85.300
84.670
85.420
85.090
84.450
85.310
85.240
85.690
85.340
85.030
85.440
85.670
85.110
85.660
85.890
85.830
85.300
85.860
85.550
85.860
85.650
86.050
86.310
85.870
85.430
85.860
86.150
85.900
85.350
85.350
86.030
87.600
87.540
87.380
87.530
87.460
87.630
87.690
87.670
87.680
87.700
87.640
87.750
87.840
87.720
87.820
87.920
87.870
87.760
87.760
87.870
87.850
87.830
87.900
87.900
87.950
88.030
87.950
87.730
87.740
87.830
87.990
87.950
87.860
87.870
87.810
87.970
87.900
87.860
87.920
87.890
87.800
87.790
87.830
87.880
87.860
87.930
87.980
87.990
87.880
88.090
87.800
87.730
87.900
87.840
87.920
87.970
88.010
87.840
87.860
87.800
