52.230
59.050
67.700
68.120
73.070
75.080
74.300
76.610
76.430
77.370
78.330
77.950
78.620
79.830
80.470
80.020
80.190
79.700
79.720
79.960
80.850
81.480
80.470
81.330
80.920
82.480
81.470
81.430
81.980
82.980
82.620
82.240
83.560
82.480
83.080
82.430
82.900
82.840
83.030
82.790
84.250
83.560
83.210
83.990
83.390
83.420
84.150
84.450
83.690
84.150
83.910
84.790
84.010
84.170
84.400
84.520
84.620
84.520
84.480
84.450
84.860
84.980
84.390
84.710
84.600
85.570
85.280
85.470
85.670
85.530
85.430
85.520
85.730
85.820
85.950
85.870
86.550
86.300
86.300
86.520
86.340
86.530
86.460
86.890
86.880
86.700
86.860
86.670
87.020
86.760
86.940
87.010
87.000
87.270
87.150
87.170
87.320
87.360
87.320
87.320
