54.060
58.440
69.170
68.550
74.310
73.300
75.230
77.710
76.370
77.760
79.240
79.220
78.950
80.460
80.430
79.510
77.430
79.710
80.750
81.880
80.820
79.910
82.090
82.490
80.870
81.760
81.220
82.280
82.590
80.890
81.910
82.170
81.670
82.000
82.620
82.140
82.020
81.590
82.860
82.450
82.780
83.410
81.520
82.980
82.370
82.230
82.400
83.350
82.680
83.440
86.990
87.340
87.400
87.470
87.430
87.400
87.210
87.350
87.360
87.360
87.290
87.440
87.440
87.250
87.410
87.100
87.150
87.470
87.170
87.100
87.320
87.130
86.950
87.270
86.960
87.430
87.510
87.690
87.650
87.600
87.650
87.730
87.730
87.670
87.600
87.520
87.480
87.620
87.620
87.490
87.630
87.620
87.720
87.500
87.600
87.500
87.710
87.660
87.610
87.640
